0 0 0
6.8153e-11 4.70669e-14 -6.81059e-11
2.48026e-10 1.48061e-13 -2.47878e-10
3.1454e-10 1.16844e-13 -3.14423e-10
2.92344e-10 2.49085e-13 -2.92095e-10
1.79998e-09 1.05803e-12 -1.79892e-09
5.69084e-09 3.3937e-12 -5.68745e-09
1.05627e-08 6.3643e-12 -1.05563e-08
1.60849e-08 4.44234e-12 -1.60804e-08
1.0672e-08 2.01469e-12 -1.067e-08
1.74529e-08 1.17426e-11 -1.74412e-08
8.85728e-08 4.26294e-11 -8.85301e-08
2.33569e-07 3.68016e-11 -2.33532e-07
4.15609e-07 1.26384e-10 -4.15483e-07
5.02028e-07 1.90374e-10 -5.01838e-07
4.25878e-07 1.48411e-10 -4.25729e-07
3.85135e-07 1.35395e-10 -3.84999e-07
2.64374e-06 1.35466e-09 -2.64239e-06
6.69058e-06 2.61472e-09 -6.68797e-06
1.28617e-05 3.03868e-09 -1.28587e-05
1.861e-05 2.94096e-09 -1.86071e-05
1.85298e-05 1.42146e-08 -1.85156e-05
4.33969e-07 2.79863e-10 -4.3369e-07
5.94858e-05 5.69602e-08 -5.94288e-05
0.000164127 7.69133e-08 -0.00016405
0.000334385 1.47586e-07 -0.000334238
0.000495664 3.49012e-07 -0.000495315
0.000619153 2.65897e-07 -0.000618887
0.000248584 8.04283e-08 -0.000248504
0.000958917 6.01043e-07 -0.000958316
0.00407568 1.69442e-06 -0.00407399
